23868703
23837836
23833480
23833479
23831347
23808920
23808855
23804851
23804850
23804847
23804835
23804830
23804805
23804772
23801386
23801382
23801377
23801367
23786385
23786377
23786321
23777086
23625171
23268560
23268557
23268532
23268529
23225193
23102934
22972815
22895512
22828982
22737679
22737677
22737671
22737514
22527926
22519049
22461344
22460458
22459802
22431595
22421312
22421308
22421302
22421254
22421217
22306550
22306549
22233882
22219958
22219956
22219954
22219952
22219949
22219946
22219943
22219942
22219929
22219919
22219916
22147514
22141590
22141584
22140498
22112597
22110357

